4.1389919303233
1.44364108742
1.2813548803804
1.2046384264748
1.1527582337752
1.1145465157421
1.0921405291652
1.0726600832863
1.0522344424525
1.0429081414325
1.0310705963929
1.0198109631614
1.0103921347785
1.002964853281
0.9965032491171
0.99016052828367
0.98660729357921
0.97405636640184
0.97108742731026
0.96691087652488
0.95553237155614
0.95585488012587
0.95493495622004
0.95651776120957
0.95606886503706
0.95725036778773
0.95681133993118
0.95647740759223
0.95645737779093
0.95606707715418
0.95500558943388
0.95626953798461
0.95505003786657
0.95589950821789
0.95563826840712
0.95564183285987
0.95490159300694
0.95595795293253
0.95537695401693
0.9558398065909
0.95590329402946
0.95498496044205
0.95635378066287
0.95695046732625
0.95828007268716
0.95574456114218
0.95644584913178
0.9556416197602
0.95527844653187
0.95506221985912
0.95645715448486
0.95507077217102
0.95742893346277
0.95580343939869
0.95662770694945
0.95591763358667
0.95550596617133
0.95562634926868
0.9559588394697
0.95490763391632
0.95626590795251
0.95569277329274
0.95628976346012
0.95676767844128
0.95612347067115
0.95545992079009
0.95706846432857
0.95583329972993
0.95510348044544
0.95655332718237
0.95663791972802
0.95645648982895
0.95459485793969
0.95657485665553
0.9561112852733
0.95591022656733
0.95722134644292
0.95680236327221
0.9571301309521
0.95680779227223
0.95586022792109
