491.04879401948
21.572598837201
0.9986819357606
0.99373635145773
0.9852197857112
0.97992956549523
0.97170528736247
0.9685649949146
0.96256618852159
0.95688445064651
0.95170677330389
0.95207794749879
0.94528949588418
0.94154141563818
0.93575852602127
0.93522331471462
0.93186346524265
0.92663793285529
0.92491875657997
0.92331669351494
0.91185596709707
0.91210189899125
0.91245836221839
0.91278863777202
0.91207741944438
0.91204848114713
0.91272439438033
0.91238871065744
0.91231223893831
0.91341033030791
0.91147146313314
0.91147432749965
0.91253278453986
0.91383910832652
0.91272261848963
0.91384739929461
0.91265661986701
0.91232716651552
0.91205430250719
0.91242696081975
0.91124532395625
0.91294953073638
0.91238890629841
0.91202667735487
0.91363648772715
0.91218987490551
0.9137138876402
0.91244988096663
0.91227875932754
0.91253674482444
0.91195948221769
0.91298722755387
0.91246614532167
0.91222318193352
0.91318302217708
0.91198925465702
0.91145792212144
0.91295005355698
0.91243094996152
0.91328622486012
0.91373268433301
0.91334186433796
0.91163838819679
0.91286517489004
0.9124511601013
0.91362757857577
0.91231790132257
0.91287081783511
0.91227394494402
0.91251797507959
0.91239324794822
0.91301983436265
0.91140625341955
0.91178691655991
0.91286748043569
0.912465298665
0.91242955736905
0.91318015454775
0.9127613777041
0.91300321331062
0.91277646970939
