475.42373486708
22.47233695039
3.3574196359804
3.3326900617868
3.3068416852006
3.2965461357673
3.2661582179333
3.2495708269183
3.2398875965501
3.2182657104758
3.2066457455609
3.2016573906769
3.1870960395457
3.173752451822
3.1548396165607
3.1476645917387
3.1380288311139
3.1374501339439
3.1145338945537
3.1067838019215
3.0726242732892
3.0706488275858
3.0742669922004
3.0702911798031
3.0698083003957
3.0701740290712
3.0722279210794
3.0725461670331
3.0734333936383
3.0696596849349
3.0715237857285
3.0718939514479
3.0733021193523
3.0734329709122
3.0733769338938
3.0722314958474
3.0707090966712
3.0748725514258
3.0709135147833
3.0708054948924
3.0739765900621
3.0723556837041
3.0695339966617
3.0713155595114
3.0715454895101
3.0728550479846
3.070041942157
3.0715287717119
3.0703614038256
3.0732174328258
3.0705974383563
3.0711631722027
3.0704463184017
3.0723475810432
3.0725792555765
3.0712853503941
3.0710518789319
3.0710410619936
3.0712554996601
3.0732927757062
3.0731371518242
3.0728949458094
3.0703070336773
3.0712869816249
3.0725638597929
3.0714089984443
3.0730551118675
3.0708606448454
3.0720182968312
3.0755645673945
3.073039761268
3.0720467478174
3.0734409132311
3.0706550086149
3.0733884837358
3.069877020431
3.0721472211972
3.0739846023546
3.0707055092682
3.071020535335
3.0729107394608
