74.871916909317
2.2115865863577
2.171458765755
2.1463702708626
2.1291752574478
2.1065677901088
2.0889747867946
2.0735792400053
2.0619041167557
2.0484864088594
2.0393922391941
2.0286733027298
2.0215732642104
2.011579519299
2.0026846179474
1.9973071126174
1.9884329373593
1.9784993672426
1.9750288823386
1.9699380081838
1.9589152174392
1.9598831787977
1.959659713023
1.9594750182887
1.9606051540245
1.961180608436
1.9582269340972
1.9591408803993
1.9614614930436
1.9594167958368
1.9585582521332
1.9593719134018
1.956972891441
1.9591917983389
1.9601657560572
1.9578107489458
1.9594518528417
1.9618003911806
1.9579959428393
1.9586594971903
1.9584896339763
1.9593335240111
1.9604760582129
1.9575331303828
1.9593541163472
1.9605422092699
1.9605404219804
1.9603977614315
1.9587814797143
1.9603652181203
1.9588488010171
1.9575855973432
1.9591497159099
1.9599598909879
1.9588839276378
1.9576001237288
1.9582565863644
1.9593371012396
1.9572547067259
1.9602209058641
1.9583109734218
1.9560943167023
1.9592174573074
1.9592076294026
1.9589083987628
1.9580469756637
1.9593184633959
1.9600972739074
1.9615192762784
1.9604788728169
1.9581993130874
1.9603492339519
1.9586897678759
1.9599291891591
1.9586332230779
1.957048515937
1.9585045936298
1.9584865724298
1.9566859837022
1.9589022394995
1.9605944294129
