167.32075726461
2.260978102843
2.2174613010089
2.1827353342374
2.1558744058609
2.1367766151428
2.1193491689364
2.1048685655594
2.0895154794057
2.0802225837708
2.0696099961599
2.059780103604
2.0492217151324
2.0453001889388
2.0349498705864
2.0237024202347
2.019639277935
2.0115744145711
2.0088796731631
1.9992144281864
1.9937797327042
1.9944258791606
1.9971578906377
1.996371825854
1.9981428964933
1.9972190825144
1.993245950222
1.9959046266874
1.994924169143
1.9952060640653
1.9941455793381
1.993320057869
1.9949148054123
1.993014348348
1.9946029839516
1.9934066390991
1.9941221804619
1.9947717375755
1.994849240462
1.9960300482114
1.9946301412582
1.9968506973584
1.9949779610634
1.9949034905434
1.9936110115846
1.993686144193
1.9942486375173
1.9951030235291
1.9956864185333
1.993289853096
1.9980067736308
1.9949419115384
1.9960729824702
1.9955892545382
1.9938724891345
1.9968394436836
1.9939198654493
1.9946176967621
1.9948525490761
1.9934014759064
1.9945958692233
1.994006778876
1.9956680006981
1.9949310073853
1.9949498612881
1.9971295436223
1.9938726638158
1.9947149664561
1.9946913344065
1.9952710800171
1.994539697806
1.9938155297438
1.9946542725563
1.9942499302228
1.9948456975619
1.9950658896764
1.9959289854368
1.9967915508747
1.9966174902916
1.9940268084208
1.9963644537926
