17.96399962493
1.4468528897717
1.4222272455513
1.4057427795955
1.3925320454407
1.3826084492998
1.3743730324606
1.3671255943338
1.3603566367546
1.3554633172263
1.3498375011332
1.3449344098591
1.339641023133
1.3353608999327
1.3324444607447
1.3296009496844
1.3265561893942
1.3230189311337
1.3198098522351
1.3169032286018
1.3282553462718
1.3278413019783
27.035904115505
1.4357204298879
1.4132178689805
1.3979525343274
1.3861866955513
1.3761040103603
1.3685961936555
1.361164206288
1.3549025250807
1.3501636557207
1.3444085030666
1.3403550908906
1.3359644498615
1.3327869532223
1.3298762279648
1.3248877693625
1.323284758558
1.3209217826338
1.3177493168806
1.3150483428841
1.3157221768625
1.3152780912121
1.3156061892905
1.3156989938146
1.3158202402826
1.3159325712029
1.3155106545041
1.315723021619
1.315564621295
1.3152580073788
1.3157081904357
1.315459718102
35.306243612109
