13.879570835578
36.869681951733
36.861947319386
36.894365226827
36.825771138499
36.850664934287
36.813156639737
36.862961699624
36.959454062407
36.941780673812
36.547356387092
36.962977598941
36.923648597984
36.904795167564
36.933804774569
36.726923421904
36.981837842713
36.922289274596
37.002950507905
37.012512247058
37.050132717868
37.051057816597
37.043448272876
37.010212635268
37.051251144495
37.055110555569
37.036372719868
37.023130858513
37.045871800591
37.050742612575
37.041386439369
37.051545412981
37.04836626022
37.049046851857
37.052835512636
37.053709464053
37.054129235504
37.0504837877
37.046430946069
37.036968196058
37.04756145947
37.054557050638
37.044401704689
37.050917308032
37.050325944397
37.055679402098
37.052860170088
37.057261340214
37.049877140943
37.050917300002
37.051443948605
37.047998087798
37.054856262682
37.049572704516
37.046345971873
37.051790823112
37.048421372011
37.038722478056
37.031337034409
37.050246708974
37.046266884257
37.047249764958
37.046809382262
37.028784296922
37.047729648094
37.047257062883
37.055509006401
37.049984506414
37.054244303867
37.051155443754
37.047273397569
37.049169811509
37.04703896801
37.050943224505
37.027998201919
37.040829826326
37.051591834757
37.051215327612
37.050286292572
37.045087766588
37.049463839225
