35.790577049624
36.172223530136
36.223055224012
36.464614105642
36.54307233903
36.297392441572
36.65896050556
36.400737416446
36.730631668826
36.641349710193
36.751014176072
36.764683617515
36.205109769451
36.812882016381
36.785504399992
36.824031492
36.818146729268
36.86223189236
36.818106897828
36.929527216446
36.88544269579
36.895588074772
36.941337817724
36.942533072655
36.906359771851
36.943262767159
36.909864184008
36.928076260847
36.957830426647
36.898893518689
36.919185737627
36.913707150729
36.885002732749
36.900032980027
36.955022121958
36.909224108563
36.87589116552
36.958362231178
36.882127541974
36.919999913475
36.857907827887
36.925390720662
36.911379608076
36.897764088019
36.915952396473
36.944893980492
36.844772510328
36.926810889113
36.879168197189
36.921959849446
36.953516751511
36.904625546916
36.93924873742
36.917429691055
36.907316052434
36.958087023362
36.922401826724
36.938626310224
36.876571769346
36.952754392977
36.916825293857
36.836624593644
36.919269928704
36.844046626006
36.90217577751
36.940809020931
36.93481127514
36.921673637957
36.839746242144
36.768134434916
36.948710704812
36.879484891714
36.888063526757
36.929840801504
36.960497573553
36.963379521503
36.960731705181
36.962567181072
36.89383975025
36.905479107683
36.919882561435
