37.093186527192
37.236047220968
37.314290466705
37.249312830685
37.41072819258
37.366710990558
37.397440366066
37.228508165882
37.27322355218
37.076885360317
37.44357372616
37.127293310665
37.35228690308
37.188727573582
37.361011123068
37.292603959452
37.35279009141
37.41590324551
37.3172944041
37.314495019644
37.401199974294
37.424018575504
36.931814334977
37.104313682053
37.299841121193
37.255945465503
37.360222608629
37.366220364637
37.380967235981
37.329355255412
37.417986583297
37.188259844485
37.399535592054
37.463669359868
37.493159027615
37.322151366892
37.450711991368
37.36299789828
37.473334914033
37.47597897967
36.985234704136
37.181035023195
37.214658324914
37.308131886936
37.344598464893
37.368955115953
37.411976453105
37.29677737839
37.269240310488
37.315431400852
37.22680870134
37.338006694936
37.270585989607
37.294369146796
