32.539664
32.781372
32.801244
32.489541
32.744701
32.979603
32.904168
33.007087
33.033101
33.079657
32.913615
33.01987
33.150073
33.157063
33.003662
32.986779
33.074391
33.140549
33.041603
33.127724
33.174453
33.107274
33.127962
33.157333
33.153506
33.18889
33.177937
33.135265
33.172926
33.172885
33.142528
33.136844
33.149486
33.151931
33.162791
33.180615
33.121895
33.156812
33.13929
33.129482
33.183119
33.139598
33.137141
33.126744
33.126477
33.102835
33.190101
33.150525
33.15607
33.17526
33.10938
33.128736
33.122511
33.072372
33.171191
33.111323
33.133005
33.115836
33.14373
33.138346
33.161953
33.148361
33.156696
33.169512
33.129018
33.149687
33.134036
33.099072
33.138601
33.175124
33.038608
33.136283
33.170107
33.142463
33.141318
33.11153
33.14934
33.127398
33.118117
33.150655
33.184473
