34.136844414571
35.012901948794
35.57068201623
35.88620031695
35.95847386291
36.048927208498
36.260751751402
36.326910544173
36.40319235457
36.457335266291
36.611916228953
36.352219888652
36.456222264194
36.577203994576
36.606576754804
36.407682351573
36.592176032878
36.665279721221
36.631050807379
36.650224943704
36.730597238779
36.734124170725
36.713089559945
36.711318929772
36.687045160422
36.725513175434
36.726341677136
36.687444033813
36.694703944037
36.729504429349
36.718469670845
36.719623937513
36.688887382812
36.726519224915
36.694934846421
36.689073568277
36.721664300885
36.674976105286
36.690004939553
36.726627831705
36.669897702338
36.725133551667
36.701043419873
36.726255831181
36.728844188865
36.727300596284
36.688583459154
36.674707722721
36.727903447678
36.697352607531
36.696754512221
36.730304527657
36.692524917606
36.720993921527
36.707389891379
36.675762038189
36.697448592371
36.661180567148
36.723167307087
36.699434418583
36.734276094685
36.66419556114
36.690063332077
36.742976750142
36.705498517472
36.707358809069
36.701096748614
36.687220925499
36.674973371022
36.705083005404
36.69511062394
36.724788847539
36.67454756548
36.722615398852
36.692869748631
36.678408366743
36.719926162984
36.687046418413
36.719074798342
36.681917992046
36.699923376227
