10.730573800923
30.49221077484
30.174052281362
30.509459680262
30.60540644892
30.53870449554
30.52655047927
30.246069628671
30.573583595029
30.607303915278
30.585625191302
30.734010558946
30.511011617284
30.710521529441
30.552568477836
30.590019197498
30.740752595079
30.741634211898
30.769874578679
30.748499123322
30.794677644364
30.790551358128
30.780593375836
30.799292395505
30.784920266074
30.79854085225
30.778758580686
30.768865642692
30.771172832963
30.796558476035
30.788286628155
30.77391022691
30.770580054859
30.7913667656
30.776398595598
30.785089775537
30.775371726186
30.777025798083
30.782444279177
30.784784309722
30.793312163053
30.77620308187
30.79442648701
30.794932201665
30.793954069761
30.791271487704
30.784662756324
30.786063580562
30.797556064186
30.751072200127
30.778047710119
30.803326139481
30.777769108385
30.776480366741
30.780225653755
30.781046238679
30.766673253107
30.770890135008
30.781735760546
30.760458362657
30.774872334615
30.798990909468
30.788833764633
30.772376438988
30.795784638248
30.749464410858
30.78127773231
30.792349765817
30.775427250787
30.78883082366
30.786842861982
30.786605857401
30.790834802051
30.7845656897
30.794622751173
30.785591392096
30.788386095266
30.798799966629
30.789065476064
30.782608208497
30.776054842799
